sQTL_GTEx.phenotype_id	sQTL_GTEx.gene_id	sQTL_GTEx.gene_name	sQTL_GTEx.biotype	sQTL_GTEx.gene_chr	sQTL_GTEx.gene_start	sQTL_GTEx.gene_end	sQTL_GTEx.strand	sQTL_GTEx.num_var	sQTL_GTEx.beta_shape1	sQTL_GTEx.beta_shape2	sQTL_GTEx.true_df	sQTL_GTEx.pval_true_df	sQTL_GTEx.variant_id	sQTL_GTEx.tss_distance	sQTL_GTEx.chr	sQTL_GTEx.variant_pos	sQTL_GTEx.ref	sQTL_GTEx.alt	sQTL_GTEx.num_alt_per_site	sQTL_GTEx.rs_id_dbSNP155_GRCh38p13	sQTL_GTEx.ma_samples	sQTL_GTEx.ma_count	sQTL_GTEx.af	sQTL_GTEx.pval_nominal	sQTL_GTEx.slope	sQTL_GTEx.slope_se	sQTL_GTEx.pval_perm	sQTL_GTEx.pval_beta	sQTL_GTEx.group_size	sQTL_GTEx.qval	sQTL_GTEx.pval_nominal_threshold
chr2:21034901:21035584:clu_32233_-:ENSG00000084674.15	ENSG00000084674.15	APOB	protein_coding	chr2	21001429	21044073	-	7183	1.03284	3286.55	382.109	8.65099e-06	chr2_20673745_C_G_b38	-370328	chr2	20673745	C	G	1	rs186238741	12	12	0.0130435	2.06785e-06	1.45831	0.303081	0.0242976	0.0245804	4	0.0458559	9.54969e-06
chr2:21037255:21037958:clu_27028_-:ENSG00000084674.15	ENSG00000084674.15	APOB	protein_coding	chr2	21001429	21044073	-	7181	0.971145	1217.33	140.886	0.000514646	chr2_20405739_G_A_b38	-638334	chr2	20405739	G	A	1	rs343141	96	102	0.195402	6.85364e-06	0.390374	0.0848382	0.475252	0.479862	8	0.600447	8.31299e-06
chr2:21025124:21026788:clu_33532_-:ENSG00000084674.15	ENSG00000084674.15	APOB	protein_coding	chr2	21001429	21044073	-	7180	0.835212	373.148	82.9344	4.73411e-06	chr2_20428205_A_G_b38	-615868	chr2	20428205	A	G	1	rs116241016	4	4	0.00970874	1.27593e-11	-2.4132	0.333557	0.0119988	0.00532906	5	0.0213534	1.54772e-05
